10336335533363335333633553536333
10306031503060315030603150506031
10336335535363335333633553536333
10336335565363367333633576536333
10336335535363335333633553536553
53336335533363335333633553536333
53336335535363335333633553536553
10336335533363335333633553536333
10306335535363335333633555536335
10336335533363335333633553536553
10336335533363335333633553536333
10306031503060315030603150506031
10336335535363335333633553536333
10336335565363367333633576536333
10336335535363335333633553536553
53336335533363335333633553536333
53336335535363335333633553536553
10336335533363335333633553536333
10306335535363335333633555536335
10336335533363335333633553536553
